// MilkShape 3D ASCII

Frames: 1
Frame: 1

Meshes: 6
"Regroup01" 0 0
4
0 -10.000000 20.000000 -10.000000 0.000000 0.000000 -1
0 -10.000000 0.000000 -10.000000 0.000000 1.000000 -1
0 -10.000000 20.000000 10.000000 1.000000 0.000000 -1
0 -10.000000 0.000000 10.000000 1.000000 1.000000 -1
1
-1.000000 0.000000 0.000000
2
0 0 1 2 0 0 0 2
0 1 3 2 0 0 0 2
"Regroup02" 0 1
4
0 10.000000 20.000000 -10.000000 0.000000 0.000000 -1
0 10.000000 0.000000 -10.000000 0.000000 1.000000 -1
0 -10.000000 20.000000 -10.000000 1.000000 0.000000 -1
0 -10.000000 0.000000 -10.000000 1.000000 1.000000 -1
1
0.000000 0.000000 -1.000000
2
0 0 1 2 0 0 0 1
0 1 3 2 0 0 0 1
"Regroup03" 0 2
4
0 10.000000 20.000000 10.000000 0.000000 0.000000 -1
0 10.000000 0.000000 10.000000 0.000000 1.000000 -1
0 10.000000 20.000000 -10.000000 1.000000 0.000000 -1
0 10.000000 0.000000 -10.000000 1.000000 1.000000 -1
1
1.000000 0.000000 0.000000
2
0 0 1 2 0 0 0 2
0 1 3 2 0 0 0 2
"Regroup04" 0 3
4
0 -10.000000 20.000000 10.000000 0.000000 0.000000 -1
0 -10.000000 0.000000 10.000000 0.000000 1.000000 -1
0 10.000000 20.000000 10.000000 1.000000 0.000000 -1
0 10.000000 0.000000 10.000000 1.000000 1.000000 -1
1
0.000000 0.000000 1.000000
2
0 0 1 2 0 0 0 1
0 1 3 2 0 0 0 1
"Regroup05" 0 4
4
0 -10.000000 20.000000 -10.000000 0.000000 0.000000 -1
0 -10.000000 20.000000 10.000000 0.000000 1.000000 -1
0 10.000000 20.000000 -10.000000 1.000000 0.000000 -1
0 10.000000 20.000000 10.000000 1.000000 1.000000 -1
1
0.000000 1.000000 0.000000
2
0 0 1 2 0 0 0 3
0 1 3 2 0 0 0 3
"Regroup06" 0 5
4
0 -10.000000 0.000000 10.000000 0.000000 0.000000 -1
0 -10.000000 0.000000 -10.000000 0.000000 1.000000 -1
0 10.000000 0.000000 10.000000 1.000000 0.000000 -1
0 10.000000 0.000000 -10.000000 1.000000 1.000000 -1
1
0.000000 -1.000000 0.000000
2
0 0 1 2 0 0 0 3
0 1 3 2 0 0 0 3

Materials: 6
"Material01"
0.200000 0.200000 0.200000 1.000000
0.800000 0.800000 0.800000 1.000000
0.000000 0.000000 0.000000 1.000000
0.000000 0.000000 0.000000 1.000000
0.000000
1.000000
"C:\Users\Terry\Desktop\Models\Obj_Models/Mat01.bmp"
""
"Material02"
0.200000 0.200000 0.200000 1.000000
0.800000 0.800000 0.800000 1.000000
0.000000 0.000000 0.000000 1.000000
0.000000 0.000000 0.000000 1.000000
0.000000
1.000000
"C:\Users\Terry\Desktop\Models\Obj_Models/Mat02.bmp"
""
"Material03"
0.200000 0.200000 0.200000 1.000000
0.800000 0.800000 0.800000 1.000000
0.000000 0.000000 0.000000 1.000000
0.000000 0.000000 0.000000 1.000000
0.000000
1.000000
"C:\Users\Terry\Desktop\Models\Obj_Models/Mat03.bmp"
""
"Material04"
0.200000 0.200000 0.200000 1.000000
0.800000 0.800000 0.800000 1.000000
0.000000 0.000000 0.000000 1.000000
0.000000 0.000000 0.000000 1.000000
0.000000
1.000000
"C:\Users\Terry\Desktop\Models\Obj_Models/Mat04.bmp"
""
"Material05"
0.200000 0.200000 0.200000 1.000000
0.800000 0.800000 0.800000 1.000000
0.000000 0.000000 0.000000 1.000000
0.000000 0.000000 0.000000 1.000000
0.000000
1.000000
"C:\Users\Terry\Desktop\Models\Obj_Models/Mat05.bmp"
""
"Material06"
0.200000 0.200000 0.200000 1.000000
0.800000 0.800000 0.800000 1.000000
0.000000 0.000000 0.000000 1.000000
0.000000 0.000000 0.000000 1.000000
0.000000
1.000000
"C:\Users\Terry\Desktop\Models\Obj_Models/Mat06.bmp"
""

Bones: 0
GroupComments: 0
MaterialComments: 0
BoneComments: 0
ModelComment: 0
